LRD
Base
+
LSTM	8	base	LRD	0.91	0.959333791624028	0.856852	0.905201529283626	18	1	0.0002	1	0.0001
GRU	2	base	LRD	0.89	0.982193922482461	0.794092	0.878183322200645	41	0.9948	0.0191	0.9953	0.0203
GRU	128	base	LRD	0.553	0.610647952942945	0.292548	0.39558157176295	5	0.9877	0.0832	0.9986	0.0152

-
GRU	32	base	LRD	0.434	0.267414454067869	0.075336	0.117554536092126	9	1	0.0003	1	0.0003
LSTM	128	base	LRD	0.347	0.000699538435387	0.000214	0.000327739303294	16	1	0	1	0
LSTM	16	base	LRD	0.343	0.000540922368094	0.00017	0.000258697170614	17	0.9997	0.0015	1	0.0003
SRNN	16	base	LRD	0.272	0.021010364328211	0.009994	0.013545033781266	22	0.9994	0.0037	0.9998	0.0028

Low
+
GRU	2	low	LRD	0.583	0.581599208160217	0.588768	0.5851616487587	48	1	0.0008	1	0.0007
SRNN	4	low	LRD	0.708	0.646032513827841	0.921546	0.759577493230907	33	0.9287	0.2252	0.9302	0.2267
LSTM	16	low	LRD	0.881	0.853148449154995	0.919578	0.885118564063866	14	1	0.0001	1	0.0001
GRU	64	low	LRD	0.89	0.868919923785593	0.918464	0.893005311572383	6	0.9905	0.0637	1	0.005

-
LSTM	4	low	LRD	0.278	0	0	0	31	1	0.0004	1	0.0003

High
+
GRU	512	high	LRD	0.8	0.767783504695141	0.861298	0.811856736597923	2	0.952	0.2136	0.8487	0.4499

-
LSTM	8	high	LRD	0.379	0	0	0	18	1	0.0002	1	0.0002
GRU	8	high	LRD	0.342	1.90050236612545E-05	6E-06	9.12057860950699E-06	17	1	0.0003	1	0.0002
LSTM	4	high	LRD	0.282	0	0	0	23	1	0.0003	1	0.0002

ND
Base
+
LSTM	128	base	ND	0.993	0.991085313766291	0.995456	0.993265848803388	16	1	0	1	0
LSTM	32	base	ND	0.778	0.79157741023828	0.754568	0.772629766040734	12	1	0.0001	1	0.0001
GRU	512	base	ND	0.601	0.596887099570435	0.619724	0.608091215055979	4	0.9627	0.1286	0.9999	0.0052
SRNN	2	base	ND	0.58	0.547656723030789	0.917164	0.685805467965451	96	0.7498	0.4785	0.7499	0.479
GRU	4	base	ND	0.563	0.65459428181427	0.264714	0.376979679491653	25	1	0.0005	1	0.0006

-
SRNN	128	base	ND	0.441	0.40898467291559	0.265984	0.322336083453712	15	1	0.0001	1	0.0001
SRNN	256	base	ND	0.382	0.155767068787753	0.053482	0.079625055644637	10	1	0.0001	1	0.0001

Low
+
LSTM	512	low	ND	0.953	0.9173299285888	0.995802	0.954956596456368	3	0.9689	0.1168	0.9997	0.0118
GRU	64	low	ND	0.935	0.91028965569229	0.966054	0.937343178444253	6	0.9905	0.0637	1	0.005
SRNN	32	low	ND	0.58	0.560730403430397	0.73779	0.63718873150396	12	0.9985	0.0092	0.9997	0.0043
LSTM	16	low	ND	0.566	0.661653730320021	0.270226	0.383732009855085	14	1	0.0001	1	0.0001
GRU	4	low	ND	0.561	0.650736170720076	0.262002	0.373588360102208	28	1	0.0004	1	0.0003
LSTM	8	low	ND	0.555	0.660134803635259	0.226046	0.336772882487202	17	1	0.0003	1	0.0002

-
SRNN	4	low	ND	0.442	0.360530490082416	0.148646	0.210502316083433	33	0.9287	0.2252	0.9302	0.2267
LSTM	32	low	ND	0.327	0.207071305490012	0.122334	0.15380360099624	14	1	0.0002	1	0.0002

High
+
SRNN	16	high	ND	0.675	0.691441647996995	0.633308	0.661099292038724	30	0.9992	0.01	0.9989	0.01

-
LSTM	64	high	ND	0.285	0	0	0	10	0.9974	0.0094	1	0.001